Open,High,Low,Close,Volume,Dividends,Stock Splits,Moving_Average,RSI,MACD,Signal
129.06608634479036,129.68030452162526,123.01301700389877,123.90463256835938,112117500,0.0,0.0,,,0.0,0.0
125.70766994061988,127.46118175357807,123.91453748902029,125.18260955810547,89113600,0.0,0.0,,,0.10194688237289995,0.02038937647457999
125.94543511820807,126.57947117064332,123.5975229597015,123.85509490966797,80962700,0.0,0.0,,,0.07475940364585654,0.031263381908835305
124.83587539185405,129.07598675452044,123.72630852461685,128.4122314453125,87754700,0.0,0.0,,,0.41613897268723576,0.10823850006451541
129.25432724329818,132.16693576711353,128.6797296670627,128.9373016357422,70790800,0.0,0.0,126.0583740234375,,0.7207452146463993,0.23073984298089217
129.04626472881955,130.0369469810136,126.9262053137887,129.5118865966797,63896200,0.0,0.0,127.17982482910156,,0.9970190453769874,0.38399568346011126
130.02705151489968,132.2659880647187,129.24441915137652,132.24618530273438,69458900,0.0,0.0,128.59253997802733,,1.4202315554594236,0.5912428578599738
132.63255304930072,133.00900204936303,130.21528578423369,132.16693115234375,71379600,0.0,0.0,130.2549072265625,,1.729301064974777,0.8188544992829345
130.7997602582869,133.6628310059016,130.43321270793996,133.5043182373047,57809700,0.0,0.0,131.27332458496093,,2.0584285556748796,1.0667693105613236
133.57366686977284,136.01073632509204,132.88019243600758,134.67332458496094,63646600,0.0,0.0,132.4205291748047,,2.386088166655483,1.3306330817801557
135.54514851402828,137.31846303544214,133.77181887600344,133.9501495361328,69672800,0.0,0.0,133.3081817626953,,2.557920471458516,1.5760905597158277
132.83066830844814,134.98044682181893,132.5235592517681,134.00958251953125,58280400,0.0,0.0,133.66086120605468,,2.6681379229404456,1.7945000323607514
134.01950922557134,136.73398434963096,132.96938833656392,136.5853729248047,80223600,0.0,0.0,134.54454956054687,,2.9295606546025965,2.0215121568091208
136.8330357275328,141.98459582934584,136.6150844101509,139.79518127441406,81760300,0.0,0.0,135.80272216796874,89.42978799450847,3.3570468152229864,2.288619088491894
139.00261908907294,141.82606944686427,138.9927177089085,141.20193481445312,66435100,0.0,0.0,137.1084442138672,90.11956635607162,3.765934581692534,2.5840821871320223
139.57721454694948,141.10285848357097,137.5165937570505,140.53817749023438,65799300,0.0,0.0,138.4260498046875,86.66043481381125,3.990422309254427,2.8653502115565033
141.83597439179383,142.90591302427043,140.57780371518547,142.61862182617188,54105100,0.0,0.0,140.14785766601562,93.24210322728112,4.2867894809032805,3.149638065425859
141.82605758552646,145.8581260004356,141.74680120100658,144.5702362060547,70555800,0.0,0.0,141.7448303222656,92.31976161911011,4.625818019127081,3.4448740561661038
143.60930055564666,144.19379943458304,141.51896047707112,141.6675567626953,64015300,0.0,0.0,142.1193054199219,79.64939165243943,4.607170017762314,3.677333248485346
141.370375254861,142.99509378387702,140.95429046144864,142.945556640625,65874500,0.0,0.0,142.46802978515626,80.29503965864318,4.642005106467934,3.8702676200818638
142.62850274013906,145.24390287202633,140.00320122925928,144.07489013671875,77663600,0.0,0.0,143.1753723144531,78.7573024137844,4.706486493530036,4.0375113947714985
147.51258015711215,149.77133446520813,146.7893863512896,149.41470336914062,118339000,0.0,0.0,144.5345886230469,83.39097647521739,5.129338932207418,4.255876902258683
146.650694098628,155.91357929902122,146.45256066946374,153.06040954589844,154357300,0.0,0.0,146.2326232910156,84.75363853100751,5.693005136927297,4.543302549192406
151.14839243295378,151.67345279630499,149.37506280709064,150.3162078857422,69858300,0.0,0.0,147.962353515625,76.32550428635699,5.850835733126388,4.804809185979202
149.23636936430097,153.7835971367229,149.23636936430097,153.20899963378906,83322600,0.0,0.0,150.01504211425782,80.2051025800078,6.138580006538234,5.071563350091009
152.4461841005687,153.13965862783317,149.76142864627434,150.5044403076172,64120100,0.0,0.0,151.3009521484375,73.88810539160549,6.07831702656469,5.272914085385746
152.34710695927657,152.89198519064092,149.0184141745724,149.46421813964844,56007100,0.0,0.0,151.31085510253905,69.51950312949234,5.878853185248147,5.394101905358227
148.29345463966246,150.1587707343344,148.0553224162247,149.8313446044922,57450700,0.23,0.0,150.6650421142578,66.64537478602672,5.684869059642978,5.4522553362151776
149.7717960333067,153.05595826741677,149.74203140167415,152.649169921875,62199000,0.0,0.0,151.1316345214844,68.13677660176289,5.692886148266126,5.500381498625368
150.93268488245778,152.5698155679683,149.68252474599845,152.00425720214844,61707600,0.0,0.0,150.89068603515625,68.17748814076745,5.582845118710452,5.516874222642384
151.91494115544825,154.28628603947047,151.6867405984904,154.11761474609375,65573800,0.0,0.0,151.61332092285156,68.21066235177216,5.601595396852389,5.533818457484385
152.311833332486,155.1098302117294,152.153093654982,152.51028442382812,68167900,0.0,0.0,152.2225341796875,62.713084319017035,5.4242298580437875,5.511900737596266
151.1608932791744,151.8058138835873,149.67260098619803,151.3593292236328,59144100,0.0,0.0,152.52813110351562,66.44003255082961,5.131639578243181,5.435848505725649
149.02766709322853,150.11908751084502,147.25164492968057,147.3210906982422,58867200,0.0,0.0,151.46251525878907,56.78664118831246,4.521783270638991,5.253035458708317
147.70804542619808,148.77961770237255,146.0114006770244,147.74774169921875,51011300,0.0,0.0,150.61121215820313,55.82369427540607,4.026480166233398,5.007724400213333
148.91853416384384,149.16658289759923,146.09078768284863,148.23391723632812,48394200,0.0,0.0,149.43447265625,47.787136889592475,3.6313195983205446,4.732443439834776
145.96179806714355,146.04117547901873,144.5826477076605,145.56492614746094,55469600,0.0,0.0,148.04540100097657,35.41924162389418,3.0674273331991913,4.399440218507659
146.5571047176501,148.00570068842444,146.29912437294584,146.7654571533203,44998500,0.0,0.0,147.12662658691406,42.651491036601385,2.6864438173099927,4.0568409382681265
145.90223922044743,147.91639332699265,145.68395516695767,146.25942993164062,50547000,0.0,0.0,146.91429443359374,34.04078325947904,2.316970870455833,3.708866924705668
145.68395197509466,146.08082380564062,143.8781503248237,144.17581176757812,55479000,0.0,0.0,146.1999084472656,35.040091183546565,1.8348789831041188,3.334069336385358
143.2530918301498,145.56490755933896,142.776827419716,144.77114868164062,52238100,0.0,0.0,145.50735473632812,38.667957693806976,1.4837526259520075,2.9640059942986885
146.88451309635926,149.93055843188256,146.1800632590767,149.85118103027344,70732300,0.0,0.0,146.36460571289064,50.03901738614726,1.5969895121089053,2.690602697860732
152.58963722441146,155.08005595311155,152.26222625133693,152.62933349609375,87558000,0.0,0.0,147.53738098144532,49.96092162440991,1.8891275596521666,2.530307670219019
152.50036365604672,152.82778981246977,149.95043045921548,150.41676330566406,56182000,0.0,0.0,148.36884765625,47.054520169733564,1.9199808004036072,2.4082422962559367
151.61730483299542,152.2721571203306,150.64495804069637,151.6768341064453,47204800,0.0,0.0,149.86905212402343,45.32322188638247,2.0227919127309804,2.3311522195509458
152.36144715352594,153.3337939210827,149.05743630389182,149.4146270751953,53833600,0.0,0.0,150.79774780273436,44.2136288624627,1.8998292100646097,2.2448876176536787
149.03758688570355,149.76188484726705,146.4578743616624,147.34092712402344,68572400,0.0,0.0,150.2956970214844,42.73930650244936,1.6164170769981467,2.1191935095225727
146.6563207662423,151.94472122041284,146.54717872536102,149.29556274414062,84457100,0.0,0.0,149.62894287109376,53.85809380070495,1.531875175180545,2.0017298426541674
150.09924442723477,152.20269278687886,148.92846170318919,151.39901733398438,73695900,0.0,0.0,149.8253936767578,56.69577899256354,1.615978322801766,1.924579538683687
150.00992956634795,152.05384836839477,148.7498379704459,151.79588317871094,77167900,0.0,0.0,149.84920349121094,56.55346742510889,1.6951142087191045,1.8786864726907706
150.9723739729869,155.2388149114122,150.45642840516308,154.63357543945312,76161100,0.0,0.0,150.8929931640625,66.58197899083464,1.9641663314916684,1.8957824444509503
154.8617791998906,155.5166314563849,153.07582538203908,153.7902069091797,98944600,0.0,0.0,152.18284912109374,63.01470937451234,2.085301230605154,1.9336862016817913
153.85966233988228,156.5881981717665,152.94682975683216,156.1714630126953,73641400,0.0,0.0,153.5580291748047,67.17085288726835,2.346401125853646,2.016229186516162
156.09211065205517,158.15586274382673,155.31818469302476,158.03680419921875,73938300,0.0,0.0,154.88558654785157,74.19470312551604,2.673029102812535,2.147589169775437
158.05664164523282,160.87447136809794,156.57826587768218,156.59811401367188,75701800,0.0,0.0,155.84603271484374,70.05383621867315,2.783705034599251,2.2748123427401996
157.5903190119877,160.28909037219674,156.4492857842791,157.6895294189453,67622100,0.0,0.0,156.45722351074218,65.36966005038508,2.9257582894443033,2.4050015320810205
157.6200715910931,159.08851570309707,156.6179602612275,158.9992218017578,59196500,0.0,0.0,157.4990264892578,63.25350357135374,3.108188485009407,2.545638922666698
158.69164854376666,159.51517209543513,156.63779791375754,157.0446014404297,52390300,0.0,0.0,157.67365417480468,63.939837790791714,3.0597730426253236,2.6484657466584234
156.73701950236511,157.25296505635768,154.76254632782803,156.4195098876953,45992200,0.0,0.0,157.3501953125,60.24865897199504,2.93710665429856,2.7061939281864507
158.12610051487536,159.79299586322693,158.106267516934,159.5151824951172,51305700,0.0,0.0,157.93360900878906,71.06784485765718,3.054477450881933,2.775850632725547
160.26923462761866,161.20190021896877,160.01126941414205,161.09275817871094,49501700,0.0,0.0,158.6142547607422,79.2899104441911,3.2374722611312734,2.8681749584066925
161.17213936170594,163.7121558421177,160.64627728441877,163.61293029785156,68749800,0.0,0.0,159.53699645996093,79.77709300591223,3.544989364008728,3.0035378395270995
162.98786728319345,164.9920901644919,162.9382545081786,164.87303161621094,56976200,0.0,0.0,161.1026824951172,79.04188386969463,3.8460437308159214,3.172039017784864
165.2996646931083,165.53778176284692,163.82128894648392,164.3372344970703,46278300,0.0,0.0,162.68622741699218,76.8706926990022,3.9953413280033203,3.336699479828556
163.45418865732788,163.76176664528538,160.5371333114085,162.48182678222656,51511700,0.0,0.0,163.27955627441406,67.55430868836625,3.9187716923876508,3.453113922340375
161.16221135304366,163.67247839434094,160.73557481041425,163.37481689453125,45390100,0.0,0.0,163.73596801757813,71.39056718272073,3.885358548742829,3.539562847620866
160.1601108023863,160.76535034179688,158.83057317144954,160.76535034179688,47716900,0.0,0.0,163.16645202636718,60.149081756969494,3.606739995540977,3.5529982772048885
161.08284220068313,161.0927586990324,159.25719214504718,159.54493713378906,47644200,0.0,0.0,162.1008331298828,53.429584849408066,3.2499917564044836,3.4923969730448077
159.96165622836224,160.79509627561046,158.53289321039838,158.85040283203125,50133100,0.0,0.0,161.003466796875,55.301261763941106,2.878046761426276,3.3695269307211015
160.36844311001366,164.5058934219791,160.1600755499808,164.26776123046875,68445600,0.0,0.0,161.36065368652345,62.86373974075049,2.985992557698438,3.292820056116569
163.30533066749368,165.02183848975963,162.5413516087064,163.92050170898438,49386500,0.0,0.0,161.46979064941405,59.99997519547515,3.0088354555402645,3.2360231360013083
163.8014467179672,164.09910820556672,162.7497225828488,163.9403533935547,41516200,0.0,0.0,162.10479125976562,65.20784594551665,2.9940271998488583,3.1876239487708187
164.8035775492658,166.10335043490016,164.35707773629545,165.17068481445312,49923000,0.0,0.0,163.22994079589844,68.79795631137016,3.0464514182837092,3.159389442673397
164.50592148631213,166.84750211338215,164.2479411165758,166.32164001464844,47720200,0.0,0.0,164.72418823242188,65.95347160428832,3.14462121885893,3.1564357979105035
164.7936317536445,166.55973729777753,164.2677697174527,165.34925842285156,52456400,0.0,0.0,164.94048767089845,60.26799846285905,3.108129839122313,3.146774606152866
163.76175926254788,165.15082596479576,163.20613258164872,163.73199462890625,58337300,0.0,0.0,164.9027862548828,50.300301802734474,2.9151069473429914,3.1004410743908912
163.7121551717216,164.30747815549572,162.61081824952413,164.03958129882812,41949600,0.0,0.0,164.9226318359375,47.79178650176387,2.755194422354805,3.0313917439836744
163.90065978013436,165.01191310021753,162.45204872529078,162.4917449951172,48714100,0.0,0.0,164.3868438720703,45.35927569308123,2.475034483422945,2.9201202918715286
161.78729339979154,163.98996722672283,161.5293281833706,162.48182678222656,45498800,0.0,0.0,163.61888122558594,50.0,2.226539238121262,2.781404081121475
163.9006816753815,167.24437371961193,163.9006816753815,167.09555053710938,64902300,0.0,0.0,163.9681396484375,58.54991970490677,2.374521904008077,2.7000276456987957
167.1749221384485,168.52430779178914,166.56968265114807,168.35562133789062,55209200,0.0,0.0,164.8928649902344,68.59495976243238,2.5639211288647914,2.672806342331995
167.95874891231472,169.11961511093727,167.32374479153762,168.26632690429688,52472900,0.0,0.0,165.73821411132812,72.61962899320658,2.6759691578662625,2.6734389054388488
168.76240750964578,169.0203878433964,166.23230777752104,167.22450256347656,48425700,0.0,0.0,166.684765625,71.33457265545368,2.6501522057322973,2.6687815654975386
168.17702305166128,169.58593788819243,165.85529079173068,166.1430206298828,65136000,0.0,0.0,167.41700439453126,56.13239510554064,2.5134520211157962,2.6377156566211903
163.6030024022687,165.73621519815327,163.02752759293762,164.4959716796875,81235400,0.0,0.0,166.89708862304687,51.73443314747603,2.2463188887526258,2.5594363030474776
169.6454747744917,172.93956901268194,169.4271906917349,172.21527099609375,113316400,0.0,0.0,167.6690185546875,67.03427869619708,2.6272120337796707,2.5729914491939163
171.13376996387603,172.49308725479744,170.76666270018762,172.14581298828125,55962800,0.0,0.0,168.44491577148438,65.07930852937801,2.890152040983537,2.636423567551841
171.69932954300867,172.18549535197226,170.26064997373916,170.4293212890625,45326900,0.0,0.0,169.08587951660155,58.66830586769999,2.9262948507812894,2.694397824197731
171.66955896133805,172.67167031991173,170.558290422856,172.20533752441406,53724500,0.0,0.0,170.2983428955078,63.993532055690096,3.062940286339966,2.768106316626178
172.49308540684927,173.2272999263603,170.82619014099882,172.39385986328125,49514700,0.0,0.0,171.87792053222657,68.77416785838545,3.1501321926692185,2.8445114918347865
172.503148691073,172.94032072602843,169.90000723282662,171.4599151611328,45497800,0.24,0.0,171.7268493652344,65.65806174498718,3.1080432861441523,2.8972178506966597
172.04611949786664,172.09580089562618,170.36698831377848,170.963134765625,37266700,0.0,0.0,171.4903137207031,68.70569795328672,3.000019145080927,2.9177781095735136
170.88364756133655,172.026243906636,170.69486734623067,170.963134765625,42110300,0.0,0.0,171.59707641601562,68.73580482950963,2.881196594161537,2.9104618064911185
170.60544041295114,171.8175785190127,169.323730161145,171.57913208007812,57951600,0.0,0.0,171.47183532714843,62.02920716849634,2.8044072406721057,2.889250893327316
171.88714938018634,174.11274567392005,171.46985291773024,173.92396545410156,65496700,0.0,0.0,171.7778564453125,64.11780863254245,2.899337819875484,2.89126827863695
175.2553324142869,175.2553324142869,173.814662886291,174.0332489013672,55772400,0.0,0.0,172.2925231933594,64.60647190907017,2.949390510829488,2.902892725075458
172.86083597649042,173.5861510268846,172.33424651617537,173.0794219970703,43570900,0.0,0.0,172.71578063964844,64.895751324945,2.8789055383187474,2.898095287724116
172.016328995191,172.2647208454535,170.17822323899432,170.4564208984375,50747300,0.0,0.0,172.61443786621095,60.175751960218946,2.5816319760524777,2.8348026253897887
169.9894283951024,171.31087474418595,169.42310290871464,170.73460388183594,45143500,0.0,0.0,172.4455322265625,65.73374904659688,2.3414962666727774,2.7361413536463868
171.3009264640465,172.78133190543284,170.58555685937205,171.877197265625,56058300,0.0,0.0,172.0361785888672,48.72414722405855,2.2178190860459495,2.6324769001262993
172.2050709581744,174.6393075176625,171.99641517964363,174.30148315429688,54835000,0.0,0.0,172.08982543945314,56.90753446090779,2.289037045778855,2.5637889292568103
175.82166039118496,177.838600617375,175.43416978518374,176.1594696044922,55964400,0.0,0.0,172.7058349609375,68.1964296270597,2.4669641436389895,2.5444239721332464
176.18927418293592,178.19628418088536,175.62293359930055,176.1097869873047,99625300,0.0,0.0,173.83650817871094,63.92564196337609,2.574288878840491,2.5503969534746957
176.5568934848296,178.961324358694,175.79184247385325,178.9315185546875,68901800,0.0,0.0,175.47589111328125,69.6300972955538,2.8541339801276138,2.611144358805279
179.86546741918528,180.61064281262296,178.1068492456953,179.78598022460938,61945900,0.0,0.0,177.05764770507812,75.11990093038887,3.1090222812422894,2.7107199432926814
181.45517224816754,183.760240137297,176.89468753794134,178.42478942871094,121946500,0.0,0.0,177.88230895996094,71.395968514686,3.1647056185539952,2.8015170783449443
178.81228025480533,178.96130926226633,176.2886112171684,178.0571746826172,64848400,0.0,0.0,178.26184997558593,69.92184922273442,3.142941750735986,2.8698020128231527
177.29213903364735,180.0443245070711,176.17934858690535,176.67613220214844,61944600,0.0,0.0,178.3751190185547,63.72395715641524,2.979904656416835,2.891822541541889
176.755609342281,179.67669950994528,176.31845248317762,179.408447265625,50214900,0.0,0.0,178.4705047607422,64.46543285100601,3.036172468992106,2.9206925270319326
180.33244857768884,181.05774839586167,179.46804995657007,179.79592895507812,48870700,0.0,0.0,178.47249450683594,64.97936318182215,3.076566901718337,2.9518674019692135
180.10393332560326,182.7070745777549,179.80586012894767,182.6077117919922,54274900,0.0,0.0,179.3090789794922,72.58600060475675,3.297456134842122,3.0209851485437955
181.62411496576374,182.9654217944946,181.2664301126419,182.13082885742188,54929100,0.0,0.0,180.12380981445312,80.80768221008499,3.3948977086361083,3.095767660562258
182.19042228935078,183.20386513215524,180.8491155944888,182.76669311523438,57462900,0.0,0.0,181.3419219970703,81.1632772590496,3.4832767433299807,3.173269477115803
182.77664523014278,185.32017506532543,182.59779523451985,184.81344604492188,65433200,0.0,0.0,182.42292175292968,82.00603735063295,3.6760978532979323,3.273835152352229
185.52880778253314,185.78714496955158,183.08464084493085,183.73045349121094,101235600,0.0,0.0,183.20982666015624,74.98695935929817,3.6988831020845225,3.358844742298688
183.22373874626282,184.90286981104023,183.22373874626282,183.8198699951172,49799100,0.0,0.0,183.45225830078124,72.39986293228533,3.6817152192279536,3.423418837684541
183.7105823455206,184.21731135654113,181.4154443751885,182.77664184570312,49515700,0.0,0.0,183.5814208984375,68.42409762112189,3.543087251005545,3.4473525203487423
182.55804962867666,185.84675475824648,182.48849264496593,185.7970733642578,51245300,0.0,0.0,184.1874969482422,68.76710637506267,3.6350446363455546,3.484890943548105
184.35640529920283,186.35347000336267,183.81987049707254,185.4791259765625,53079300,0.0,0.0,184.3206329345703,66.03256479097413,3.6403026863958416,3.5159732921176525
185.62817910355426,186.84033241342803,184.0384653710738,184.07821655273438,48088700,0.0,0.0,184.390185546875,65.88517661343639,3.4911838520683887,3.5110154041078
184.69421118128554,187.17812924825674,184.47562517854146,186.85025024414062,50730800,0.0,0.0,184.9962615966797,71.76602831162886,3.5556981783107062,3.5199519589483814
186.72107679112426,188.67840538978024,186.3932129561783,188.0325927734375,51216800,0.0,0.0,186.04745178222657,78.3906099203125,3.660040736212977,3.547969714401301
187.86369327607625,188.84733028955367,187.7245944705915,188.3704071044922,46347300,0.0,0.0,186.56211853027344,75.45160896119755,3.7270288893406587,3.5837815493891725
190.39731556792344,193.22897341065496,190.02968534028088,192.72225952148438,85069600,0.0,0.0,188.0107452392578,79.96332840039955,4.0841955395643765,3.6838643474242136
192.5334705595401,192.63283335398893,190.5264603646182,191.2219696044922,31458200,0.0,0.0,189.4394958496094,71.26057673622671,4.197802174827842,3.7866519129049396
190.33770478622876,191.73862322963095,189.39380367388398,190.0992431640625,46920300,0.0,0.0,190.08929443359375,69.05899544818848,4.149409797808232,3.8592034898855982
188.61879746180566,190.7847818855726,187.98291504724367,190.5761260986328,45094300,0.0,0.0,190.5980010986328,68.82188314816653,4.102250764464486,3.907812944801376
190.17871468054457,191.43060398220095,189.01624279458505,189.45339965820312,46778000,0.0,0.0,190.814599609375,61.704289668890894,3.9289912842382364,3.9120486126887486
188.0425411944974,188.76785623704902,185.8368205820474,187.396728515625,59922200,0.0,0.0,189.74949340820314,58.815164520533976,3.584406913322681,3.8465202728155354
187.94320225487675,188.08230107648205,185.3996722823028,186.87014770507812,46638100,0.0,0.0,188.8791290283203,57.18306073565799,3.231579014888524,3.7235320212301333
188.4598227993141,190.46683282642095,187.2576149544283,188.54925537109375,60750200,0.0,0.0,188.56913146972656,63.19857769044951,3.052265700129226,3.5892787570099522
189.27454926148948,189.96011304672044,188.5591796734774,189.3142852783203,41342300,0.0,0.0,188.31676330566407,58.96657102490213,2.9380224324455355,3.459027492097069
189.00628554398128,189.95017135851154,188.4101543161565,189.4633331298828,41573900,0.0,0.0,188.31875,60.24533011897671,2.8269237187730596,3.3326067374322674
190.66554418619668,193.06999020919017,190.576126774605,192.7421112060547,50520200,0.0,0.0,189.38782653808593,70.31690677574926,2.9692198583679215,3.2599293616193985
192.10623465986887,193.07992632398756,191.18220922995266,192.48377990722656,48353800,0.0,0.0,190.51055297851562,64.97627398056,3.0262605495015578,3.2131955991958305
191.85783626295205,196.9548257927655,191.41071888540702,193.844970703125,80507300,0.0,0.0,191.56969604492187,65.3061798520333,3.145048270723521,3.1995661335013685
193.83503287335196,195.20616054184634,191.26169731171004,191.8876495361328,59581200,0.0,0.0,192.08436889648436,58.534288062674484,3.0461349874681503,3.168879904294725
192.85143141034717,193.71583016559575,189.99988276652874,190.705322265625,71917800,0.0,0.0,192.3327667236328,44.21650541849851,2.839608331002836,3.1030255896363474
192.16584407840404,193.65619494268086,191.0133024381447,191.5100860595703,45377800,0.0,0.0,192.08636169433595,50.860486524421916,2.709637169687994,3.0243479056466773
192.08636861261334,193.1892289259678,191.6790023796099,192.37449645996094,37283200,0.0,0.0,192.06450500488282,56.90174692499174,2.6458846715985658,2.9486552588370554
192.4241776516982,194.38150645043117,192.07643819221113,193.24884033203125,47471900,0.0,0.0,191.94527893066407,57.91651186986403,2.635531830450361,2.886030573159717
194.7590419035923,195.93144389307997,191.31136259322417,191.97705078125,47460200,0.0,0.0,191.9631591796875,57.409561151839775,2.495932781848012,2.808011014897376
193.41774030072398,195.36513883740778,192.89115085593045,194.57028198242188,48291400,0.0,0.0,192.73615112304688,70.41856392598474,2.564984075693502,2.759405627056601
194.79880391210602,195.22604573792506,194.00394703385945,195.18629455566406,38824100,0.0,0.0,193.4713928222656,73.55090343562216,2.638994108615236,2.735323323368328
194.9776367705072,195.46447500565182,194.0238055683359,194.3516845703125,35175100,0.0,0.0,193.86683044433593,67.257642016523,2.600326595877789,2.70832397787022
193.78533806203276,193.92443686220395,190.61587146094374,191.34117126464844,50389300,0.0,0.0,193.48529663085938,55.318048391461915,2.3002432769464463,2.6267078376854656
190.33769786330862,191.13253958701708,189.46335377446843,189.9402618408203,61235200,0.0,0.0,193.07793884277345,51.17420770282658,1.9271682066299434,2.4867999114743613
184.3266120793539,186.17464788722353,180.7497636897243,180.81932067871094,115799700,0.0,0.0,190.32774658203124,27.203683951331882,0.8853144467934442,2.166502818538178
180.9583924944197,181.95195965876945,176.20914266167853,177.69949340820312,97576100,0.0,0.0,186.83038635253905,24.52056257077234,-0.18991690738442912,1.6952188733536568
178.5340938416311,179.11036464093502,176.43766642855203,178.6433868408203,67823000,0.0,0.0,183.68872680664063,23.41905928244205,-0.9548739975727187,1.1652002991683816
179.70648435638086,179.76609595927752,175.87131457683657,177.04373168945312,60378500,0.0,0.0,180.82923889160156,23.715696101980214,-1.670925416517946,0.5979751560311162
178.32546127369173,179.58729603576714,176.45756499068386,176.82518005371094,54686900,0.0,0.0,178.2062225341797,24.553749511159552,-2.2303267964172733,0.03231476554143825
176.41727915197714,177.71064876563273,175.6511949365926,176.88487243652344,51988100,0.24,0.0,177.4193328857422,22.43477950768566,-2.6384256156989636,-0.5018333107066422
177.06395162096015,178.77519627366368,176.40730805352842,178.54637145996094,43675600,0.0,0.0,177.58870849609374,24.69737022853448,-2.795552396848308,-0.9605771279349754
177.96932811667432,178.56626441250066,176.148642811246,176.54660034179688,43622600,0.0,0.0,177.16935119628906,20.647252592839706,-3.046325179005777,-1.3777267381491358
176.2282281290192,177.63103821850117,175.6014306291595,175.67108154296875,46964900,0.0,0.0,176.8948211669922,20.93889441245129,-3.277925579987169,-1.7577665065167425
176.23817991720907,176.60629138980735,172.59680932827945,173.11416625976562,66062900,0.0,0.0,176.15261840820312,11.71054695328634,-3.6259940582766887,-2.131412016868732
171.42281626747715,174.20856438232582,171.08455086568065,173.60166931152344,61114200,0.0,0.0,175.49597778320313,11.303730305407754,-3.8184862800638655,-2.4688268695077586
174.1787095149185,175.23331052663207,172.85547884779135,174.9447784423828,46311900,0.0,0.0,174.7756591796875,15.830866616768162,-3.8186411524489188,-2.7387897260959906
176.15856506488566,176.7754037167378,175.3526912955679,176.32769775390625,42084200,0.0,0.0,174.73187866210938,21.95913807500378,-3.664926863484368,-2.9240171535736663
177.61116733913218,180.62574053735878,177.42213219120586,180.1979217529297,52722800,0.0,0.0,175.63724670410156,33.34074354711278,-3.193994074618672,-2.978012537782668
179.75017736824887,180.17799606140284,175.11389855444398,175.48202514648438,54945800,0.0,0.0,176.1108184814453,39.254478260736,-3.16482772631079,-3.0153755754882923
176.4769498674515,178.23792773323788,174.92489437436942,177.70068359375,51449600,0.0,0.0,176.9306213378906,50.00248641080861,-2.9289231872414234,-2.998085097838919
179.17314707668444,179.6706015458947,177.64099399120335,179.27264404296875,43820700,0.0,0.0,177.79619445800782,51.280963317713315,-2.5853210972950933,-2.915532297730154
178.78513667468724,183.95866021885962,178.58615791935483,183.18263244628906,53003900,0.0,0.0,179.16718139648438,61.42239751700219,-1.974746925165789,-2.727375223217281
183.99847668663068,186.89366557985178,183.79949791874515,186.69467163085938,60813900,0.0,0.0,180.4665313720703,66.35880014507276,-1.1937099388290449,-2.4206421663396336
186.88369764650204,188.1571799161019,186.52552980935795,186.91354370117188,60794500,0.0,0.0,182.75283508300782,66.53538770566743,-0.5507229617160192,-2.046658325414911
188.52529893432214,188.95310248802542,187.32145244727047,188.49545288085938,45732600,0.0,0.0,184.9117889404297,66.44732626863187,0.08550999436431539,-1.6202246614590656
187.32145354255775,189.0127957001277,186.65486637614924,188.73422241210938,45280000,0.0,0.0,186.80410461425782,71.39359077239217,0.6020557773262283,-1.175768573702007
187.44084613729137,187.88856732407862,180.54613417892804,181.9788055419922,81755800,0.0,0.0,186.56333923339844,59.17775969088283,0.46100220137734027,-0.8484144186861375
174.28814814234832,177.30273632377782,172.65649801946347,176.65603637695312,112488800,0.0,0.0,184.55561218261718,54.769548532601505,-0.07937181233361912,-0.6946058974156338
177.4420208090181,179.322398154407,176.88485903388653,177.2728729248047,65551300,0.0,0.0,182.62747802734376,54.92655098839805,-0.45263090971633346,-0.6462108998757737
179.15327624597245,179.3821010720692,176.43716366478304,178.44688415527344,58953100,0.0,0.0,180.61776428222657,54.72105705733379,-0.6462588689421409,-0.6462204936890472
178.57619699960773,179.2129380636657,173.9299744385574,175.40243530273438,90370200,0.0,0.0,177.95140686035157,48.806168438178986,-1.0334589292909016,-0.7236681808094181
175.61135251004427,176.39733898891672,173.09423437901472,173.3230743408203,84267900,0.0,0.0,176.2202606201172,40.69984708571126,-1.490918438727789,-0.8771182323930923
173.11417444561863,175.20348951999142,172.69631446696553,174.84532165527344,60895800,0.0,0.0,175.85811767578124,49.05721850198805,-1.7109035285726577,-1.0438752916290055
175.58152061163142,175.6014230405891,172.93507444225742,174.11900329589844,109205100,0.0,0.0,175.22734375,44.45129968215336,-1.9216989691867354,-1.2194400271405517
175.581529763006,178.46677486804185,175.2731104130604,177.06394958496094,67257600,0.0,0.0,174.9507568359375,46.71793450879327,-1.8300278985268221,-1.341557601417806
176.61622865365928,178.7154869980048,176.22821479764778,178.15834045410156,51826900,0.0,0.0,175.50193786621094,41.85223603750913,-1.6500489801179299,-1.4032558771578307
178.34736859632218,178.78513095270657,174.50701953500308,174.59657287597656,58436200,0.0,0.0,175.7566375732422,30.412419270443465,-1.7743654863988354,-1.4774777990060317
173.66136377232777,175.4024544700544,172.97487415396142,173.0445098876953,63047900,0.0,0.0,175.39647521972657,28.474431606922693,-1.9753550617649864,-1.5770532515578226
173.7807317594859,176.1784657970126,173.16389311357293,173.90011596679688,56725400,0.0,0.0,175.35269775390626,26.824670730643618,-2.0420608816048684,-1.6700547775672319
173.31312961792517,176.06903155779642,173.26338113605138,175.18356323242188,46172700,0.0,0.0,174.97662048339845,29.174381977783653,-1.9686686693314925,-1.729777555920084
173.92998914160827,174.3080442177515,170.78607323032008,171.0845489501953,64588900,0.0,0.0,173.56186218261718,31.76829411542394,-2.2157195720376137,-1.8269659591435903
171.7411543642004,172.1590142437384,168.18933779757552,169.5623016357422,66921800,0.0,0.0,172.5550079345703,36.39833044951822,-2.5054604403017606,-1.9626648553752246
168.4778812232559,171.15418877973661,166.76663658151597,169.82101440429688,56294400,0.0,0.0,171.91030883789062,35.51269569200228,-2.6832750827288123,-2.1067869008459423
171.14423744734862,172.18889485432,169.47278255997327,170.33836364746094,51814200,0.0,0.0,171.19795837402344,33.82302622045739,-2.7507398905007108,-2.2355774987768964
170.3483142712696,173.4126357064522,170.05978216988254,172.8654327392578,52164500,0.0,0.0,170.7343322753906,44.83183933863459,-2.570659913306855,-2.302593981682888
171.38302169456196,172.74605737014042,169.95036546312002,171.52230834960938,49594600,0.0,0.0,170.82188415527344,46.21819764263434,-2.5074201683741535,-2.3435592190211416
170.21897084309467,173.3230971309324,170.09958662548377,172.77589416503906,53020300,0.0,0.0,171.4646026611328,45.60437779624475,-2.3292976231832085,-2.340706899853555
172.9052228826004,174.55677541307548,171.80087332078952,174.01953125,48527900,0.0,0.0,172.30430603027344,49.79325724963323,-2.0639907035275087,-2.285363660588346
172.91519374528787,177.08386504118667,172.29833981891508,176.58641052246094,57224100,0.0,0.0,173.55391540527344,48.991635627843436,-1.6278425971219974,-2.1538594478950763
175.90984130036352,178.13844271575493,174.9049887701616,178.07875061035156,42390800,0.0,0.0,174.5965789794922,49.83471702896255,-1.1485331324184642,-1.952794184799754
177.19329460024346,178.8050422825199,177.04404914526214,177.4818115234375,43698000,0.0,0.0,175.78847961425782,56.83316746133448,-0.8075361498271434,-1.7237425778052322
177.29276793860927,178.934376778521,176.69583169045495,178.88462829589844,47551100,0.0,0.0,177.01022644042968,63.92974022722111,-0.41926496908402555,-1.462847056060991
179.15326740464937,181.41169985997632,178.12849718812186,179.79000854492188,56743100,0.0,0.0,178.16432189941406,64.01518287272035,-0.03806188773546637,-1.1778900223958861
180.49637644231288,181.0037745319306,177.2330763630847,177.93946838378906,51427100,0.0,0.0,178.4349334716797,56.38543022663008,0.11341381143853368,-0.9196292556290022
175.8501629741456,178.16830272928576,175.6113793527165,177.8101348876953,52517000,0.0,0.0,178.38121032714844,69.09597724952906,0.22048168647120292,-0.6916070672089613
175.75065345353025,177.51164648069582,173.91008107267712,176.24810791015625,57549400,0.0,0.0,178.13446960449218,68.9402460289809,0.1772480212775065,-0.5178360495116677
174.68610759193962,176.675925404563,174.2184991914847,174.9447784423828,54764400,0.0,0.0,177.34649963378905,63.70404349497573,0.03738626882443441,-0.4067915858444473
175.14377581100544,176.934615069013,174.29811225938155,174.56674194335938,59302900,0.0,0.0,176.30184631347657,61.39415126194159,-0.10277483935945497,-0.34598823654744887
174.41748411190304,174.52692470271634,171.7610790597315,171.99986267089844,64189300,0.0,0.0,175.11392517089843,47.672554142678024,-0.41618174825416077,-0.3600269388887913
170.03990645997357,173.12411535336403,169.064884677314,172.1192626953125,55980100,0.0,0.0,173.9757507324219,51.71823750871812,-0.6474608715288923,-0.41751372541681153
172.1689929614087,172.7858316385813,170.57713260476945,172.5570068359375,43816600,0.0,0.0,173.23753051757814,49.338919985584816,-0.7863642318620521,-0.4912838267058597
171.00497070805432,172.17895608869978,169.78122165806425,170.22894287109375,57157000,0.0,0.0,172.29436340332032,39.25552491444903,-1.0719447394968142,-0.6074160092640506
169.50265408273685,170.50752196340542,164.82658447106704,166.04037475585938,70625300,0.0,0.0,170.5890899658203,22.62390924610736,-1.617605046813452,-0.8094538167739309
166.06025811746898,168.09982452120383,165.98066357895524,167.36358642578125,58499100,0.0,0.0,169.66183471679688,21.938474989830013,-1.9211270911638394,-1.0317884716519128
168.15951125981562,170.29855938255494,168.01026581195362,169.42303466796875,51131000,0.0,0.0,169.12258911132812,30.396829285312364,-1.9727496069771462,-1.2199806987169595
168.48783537237242,170.0299320873337,167.04520526182563,169.90060424804688,44846000,0.0,0.0,168.59130859375,27.116051183070198,-1.9526164023576484,-1.3665078394450973
170.12942412346382,173.34297566175312,169.25389942206778,173.0843048095703,56934900,0.0,0.0,169.16238098144532,34.6956614403731,-1.6606200701569378,-1.4253302855874654
174.62643385748567,176.87492275709644,174.56674174580408,176.66600036621094,77334800,0.0,0.0,171.28750610351562,47.30642664694044,-1.1272042661063608,-1.3657050816912446
173.35293714814614,175.91980400512907,172.46746880912187,175.7506561279297,79763700,0.0,0.0,172.9649200439453,45.78407939437177,-0.7694591820423682,-1.2464559017614694
175.4820388495612,178.51649888788603,175.31290615616416,178.31752014160156,63841300,0.0,0.0,174.7438171386719,54.06886355276792,-0.27564172555068467,-1.0522930665193124
178.26777400701332,181.5111868204666,178.05885163405057,180.89434814453125,70530000,0.0,0.0,176.94256591796875,61.14011694649981,0.31995243832238884,-0.7778439655509722
181.4216486820497,182.51603939170596,180.665508182576,181.95889282226562,49340300,0.0,0.0,178.7174835205078,63.494319289680014,0.8678608038162849,-0.4487030116775208
182.02852613466231,183.18260883930452,180.88437187201424,181.4813232421875,53763500,0.0,0.0,179.68054809570313,68.73765527589761,1.2491468694954335,-0.10913303544292996
183.27453648198352,185.8647137408318,182.83619738884556,185.69534301757812,66133400,0.24,0.0,181.66948547363282,73.09236405767732,1.8698010982553228,0.2866537912967206
185.11755829725763,185.32675592881043,183.51364391722342,184.10140991210938,43627500,0.0,0.0,182.82626342773438,68.89343496749099,2.207609022935742,0.6708448376245248
186.99042643314226,187.3988801404597,185.59572499487004,186.73141479492188,60108400,0.0,0.0,183.9936767578125,76.74344535762081,2.656916373118378,1.0680591447232954
187.13987177614973,188.78362815723474,187.0701291024632,187.29925537109375,53790500,0.0,0.0,185.06174926757814,89.03208021005047,3.0239573757980622,1.459238790938249
188.85338872723497,190.23813359679093,187.93685316364744,188.99285888671875,54412900,0.0,0.0,186.56405639648438,89.17925381484012,3.4121663349753533,1.84982429974567
189.53079624428992,189.66030966849544,187.85715445966235,188.97291564941406,50922700,0.0,0.0,187.21957092285157,88.23793802642707,3.675842653463434,2.215027970489223
189.1721570341783,191.18452507182084,189.16220030963925,190.72625732421875,46505100,0.0,0.0,188.54454040527344,88.79703411607926,3.980404430856339,2.568103262562646
190.6864202228131,190.79600500003974,189.02273511481332,189.91932678222656,38134500,0.0,0.0,189.18212280273437,84.40990735866146,4.109289946194934,2.8763405992891036
190.7661194461664,192.20066307246498,190.10861078342128,190.5867919921875,39617700,0.0,0.0,189.83963012695312,82.3014690001664,4.216684199221191,3.1444093192755216
190.14845324052308,190.1783386160579,188.53458215721702,189.25186157226562,24048300,0.0,0.0,189.8914306640625,80.72950781526211,4.146281438615887,3.3447837431435947
189.2020384462403,189.94920320088846,188.18589012360914,189.07252502441406,40552600,0.0,0.0,189.9113525390625,77.46385248290619,4.029565460664969,3.48174008664787
189.06257021852784,190.35765884661393,188.68400187464417,189.6802215576172,38415400,0.0,0.0,189.7021453857422,74.94405046072268,3.9406775608089504,3.5735275814800866
190.1783286463289,191.36383248408393,188.25563198255236,188.65411376953125,43014200,0.0,0.0,189.44910278320313,69.05003794568817,3.744273285110779,3.6076767222062256
189.12233356607825,189.60052993998752,187.47857723394316,189.23191833496094,48794400,0.0,0.0,189.17812805175782,71.9278372322928,3.5938181821893807,3.6049050142028567
189.61049575839724,190.83584172296256,188.51464801700962,190.51705932617188,45679300,0.0,0.0,189.43116760253906,66.35136421779464,3.5375034292599423,3.5914246972142743
189.26182160129318,189.3315642794964,186.74138687981073,188.71389770507812,43389500,0.0,0.0,189.35944213867188,65.42296781566971,3.3092268020141944,3.5349851181742586
189.49095553635823,193.66510330405998,189.46105496038606,192.68881225585938,66628400,0.0,0.0,189.9611602783203,68.2762236452833,3.409752806917993,3.5099386559230057
193.71492476298596,194.0237504491889,191.38377422735084,191.59298706054688,41089700,0.0,0.0,190.54893493652344,62.75906348109496,3.3622386606277814,3.480398656863961
192.89803398525805,194.26285017082193,192.85817668285955,193.53561401367188,47477700,0.0,0.0,191.40967407226563,63.3021816875506,3.4416637598162936,3.4726516774544276
193.46585241287198,195.2490940936735,192.9378572160349,194.97015380859375,53377300,0.0,0.0,192.30029296875,66.21767379217974,3.5791063851592924,3.493942618995401
192.37997955947677,192.75854789543507,190.69636589832197,192.44970703125,60943700,0.0,0.0,193.04745483398438,54.47488237130573,3.4449405351965083,3.4841422022356223
192.35011019828545,193.9839099721223,190.99525073697387,193.9739532470703,52696900,0.0,0.0,193.30448303222656,60.149637289233574,3.4221585499042533,3.471745471769349
194.35249384296804,197.25149676182392,194.1134108483282,197.21165466308594,70404200,0.0,0.0,194.42821655273437,64.69287128377806,3.6235886339311776,3.502114104201715
197.27142786027224,198.86537024837708,195.4184586232846,197.361083984375,66831600,0.0,0.0,195.193310546875,68.98317023650826,3.7520300572011536,3.552097294801603
196.78327807496208,197.64998435819683,196.25528284481834,196.82313537597656,128256700,0.0,0.0,195.56390686035155,67.84408452564632,3.7669893453358725,3.5950757049084574
195.34871599607987,195.88668314304041,193.65514555781985,195.14947509765625,55751900,0.0,0.0,196.1038604736328,62.00263471080801,3.602269570585861,3.596514478043938
195.41846071151812,196.2054675888958,195.14947713522938,196.1955108642578,40714100,0.0,0.0,196.5481719970703,66.53562617392765,3.51560855954952,3.5803332943450545
196.1556575241543,196.93270769258373,194.09349060058594,194.09349060058594,52242800,0.0,0.0,195.9245391845703,59.99184615577606,3.239965312666328,3.5122596980093097
195.35867601686434,196.3349670004207,192.76849889188017,193.94403076171875,46482500,0.0,0.0,195.24112854003906,57.38825668854513,2.9751601000400285,3.404839778415454
194.44216262458167,194.6713041108371,192.24052549970972,192.86814880371094,37122800,0.0,0.0,194.45013122558595,59.246160126446,2.647961328824607,3.2534640884972843
192.87810156107636,193.15704186798172,192.1010513916819,192.32022094726562,28919300,0.0,0.0,193.8842803955078,49.03194625450243,2.3177234730410987,3.066315965406047
191.7623368685013,192.7685133001503,190.36762015806895,192.41983032226562,48087700,0.0,0.0,193.12914428710937,52.29149927687611,2.0405233541447387,2.8611574431537856
193.4060861494978,193.92412463427104,192.43975185339073,192.84820556640625,34049900,0.0,0.0,192.88008728027344,47.92038274190035,1.8342623305631491,2.6557784206356585
193.1669858687692,193.6650956984474,191.00519103209842,191.8021697998047,42628800,0.0,0.0,192.45171508789062,40.185180457817225,1.5683140904718869,2.4382855546029045
